65,0.0303030303030303	25
76,0.0303030303030303	25
73,0.0303030303030303	29
95,0.0303030303030303	32,94
77,0.0303030303030303	95
93,0.0303030303030303	95
81,0.0303030303030303	25
10,0.0303030303030303	3,4,5,6,7,8,9,12,18,26,28,53,56,63,70,82
96,0.0303030303030303	32
24,0.0303030303030303	25
44,0.0303030303030303	16,45,100
15,0.0303030303030303	102
59,0.0303030303030303	25
64,0.0303030303030303	25
22,0.0303030303030303	25,74
69,0.0303030303030303	25
105,0.0303030303030303	25
91,0.0303030303030303	62
31,0.0303030303030303	25
20,0.0303030303030303	88
102,0.0303030303030303	1,14,16,30,34,39,43,48,50,51,58,66,68,85,87,88
90,0.0303030303030303	25,86,98
54,0.0303030303030303	38
48,0.0303030303030303	25
40,0.0303030303030303	25
25,0.0303030303030303	22,23,29,32,43,44,47,48,49,52,60,61,71,72,73,81,88,89,90,95,98,100,102
37,0.0303030303030303	48
98,0.0303030303030303	19,25,44,46,89,90,91,95,99,102
7,0.0303030303030303	5,6,8,9,10,12,26,57,70,82
100,0.0303030303030303	79,80,101
9,0.0303030303030303	2,5,6,7,8,10,11,12,13,17,21,27,35,38,41,42,52,70,82,83,84,92,97,103,104
88,0.0303030303030303	0,33,36,44,55,67,75
79,0.0303030303030303	78
