0	0.004329004329004329
1	0.0018939393939393938
10	0.004242424242424242
100	0.011418533157663592
101	0.0101010101010101
102	0.03465085638998682
103	0.0012121212121212121
104	0.0012121212121212121
11	0.0012121212121212121
12	0.006136363636363636
13	0.0012121212121212121
14	0.0018939393939393938
16	0.011994949494949494
17	0.0012121212121212121
18	0.0018939393939393938
19	0.00303030303030303
2	0.0012121212121212121
21	0.0012121212121212121
22	0.0013175230566534913
23	0.0013175230566534913
25	0.3616161616161615
26	0.004924242424242424
27	0.0012121212121212121
28	0.0018939393939393938
29	0.03162055335968379
3	0.0018939393939393938
30	0.0018939393939393938
32	0.046772068511198944
33	0.004329004329004329
34	0.0018939393939393938
35	0.0012121212121212121
36	0.004329004329004329
38	0.03151515151515151
39	0.0018939393939393938
4	0.0018939393939393938
41	0.0012121212121212121
42	0.0012121212121212121
43	0.003211462450592885
44	0.00867683041596085
45	0.0101010101010101
46	0.00303030303030303
47	0.0013175230566534913
48	0.033514492753623185
49	0.0013175230566534913
5	0.006136363636363636
50	0.0018939393939393938
51	0.0018939393939393938
52	0.002529644268774703
53	0.0018939393939393938
55	0.004329004329004329
56	0.0018939393939393938
57	0.00303030303030303
58	0.0018939393939393938
6	0.006136363636363636
60	0.0013175230566534913
61	0.0013175230566534913
62	0.0303030303030303
63	0.0018939393939393938
66	0.0018939393939393938
67	0.004329004329004329
68	0.0018939393939393938
7	0.003106060606060606
70	0.006136363636363636
71	0.0013175230566534913
72	0.0013175230566534913
73	0.0013175230566534913
74	0.01515151515151515
75	0.004329004329004329
78	0.0303030303030303
79	0.0101010101010101
8	0.006136363636363636
80	0.0101010101010101
81	0.0013175230566534913
82	0.006136363636363636
83	0.0012121212121212121
84	0.0012121212121212121
85	0.0018939393939393938
86	0.0101010101010101
87	0.0018939393939393938
88	0.033514492753623185
89	0.004347826086956521
9	0.004924242424242424
90	0.004347826086956521
91	0.00303030303030303
92	0.0012121212121212121
94	0.01515151515151515
95	0.06495388669301712
97	0.0012121212121212121
98	0.011418533157663592
99	0.00303030303030303
